1 0.63203125 0.2046875 0.08203125 0.1234375
1 0.69296875 0.0578125 0.0609375 0.07890625
1 0.79140625 0.19453125 0.09921875 0.13671875
1 0.6078125 0.09453125 0.0703125 0.0953125
1 0.96875 0.175 0.0625 0.16796875
2 0.79375 0.38984375 0.0515625 0.1765625
2 0.65078125 0.615625 0.07265625 0.2453125
2 0.45 0.4796875 0.05234375 0.2046875
2 0.4546875 0.33828125 0.0578125 0.14765625
2 0.51484375 0.12578125 0.0296875 0.10234375
2 0.746875 0.109375 0.03359375 0.090625
2 0.79453125 0.090625 0.034375 0.096875
2 0.5296875 0.05234375 0.02890625 0.0703125
2 0.79765625 0.29453125 0.04453125 0.1125