0 0.403125 0.43515625 0.14609375 0.10859375
0 0.65546875 0.41484375 0.0765625 0.0546875
3 0.75390625 0.321875 0.10546875 0.053125
3 0.3765625 0.2046875 0.0453125 0.04765625
3 0.3484375 0.31015625 0.121875 0.0921875
1 0.38515625 0.25859375 0.03828125 0.02890625
2 0.63046875 0.73125 0.05 0.0390625
2 0.24765625 0.43125 0.0453125 0.03046875
2 0.61015625 0.56015625 0.02890625 0.03671875
1 0.7703125 0.35546875 0.0578125 0.03125
3 0.34140625 0.11484375 0.040625 0.04453125
3 0.7296875 0.2734375 0.06171875 0.03515625
3 0.6640625 0.30703125 0.07421875 0.03984375