1 0.7953125 0.321875 0.0578125 0.07265625
1 0.76015625 0.69296875 0.05859375 0.10703125
1 0.49140625 0.378125 0.04296875 0.07109375
1 0.23359375 0.77265625 0.084375 0.1453125
3 0.55390625 0.659375 0.07421875 0.13828125
3 0.69921875 0.47578125 0.07578125 0.1578125
3 0.39453125 0.496875 0.08203125 0.1546875
3 0.553125 0.1484375 0.02421875 0.06953125
2 0.92578125 0.64140625 0.02578125 0.0640625
2 0.33046875 0.78984375 0.03359375 0.07265625
2 0.96796875 0.55078125 0.02421875 0.046875
2 0.25703125 0.86796875 0.03984375 0.06171875