1 0.11796875 0.9578125 0.0734375 0.084375
3 0.63984375 0.5109375 0.0640625 0.12578125
1 0.29765625 0.6390625 0.08671875 0.13828125
2 0.33515625 0.76015625 0.03984375 0.0765625
3 0.7859375 0.31171875 0.075 0.11953125
3 0.43046875 0.38046875 0.07265625 0.1546875
1 0.49453125 0.27421875 0.0328125 0.06875
1 0.875 0.1953125 0.053125 0.0640625
2 0.79140625 0.22265625 0.0125 0.034375
2 0.21875 0.9359375 0.05 0.0765625
2 0.88203125 0.8703125 0.02734375 0.075
3 0.52578125 0.0265625 0.02578125 0.053125
1 0.68828125 0.959375 0.06328125 0.08046875
2 0.9296875 0.7703125 0.02890625 0.05859375