3 0.6046875 0.57578125 0.07265625 0.1328125
1 0.271875 0.6859375 0.09296875 0.13984375
2 0.3390625 0.753125 0.03984375 0.0765625
3 0.75078125 0.375 0.08125 0.13046875
3 0.4171875 0.4265625 0.0796875 0.16015625
1 0.49765625 0.31640625 0.03984375 0.07421875
1 0.8421875 0.2484375 0.0546875 0.0640625
2 0.7515625 0.28984375 0.01484375 0.0421875
2 0.24140625 0.8875 0.05 0.0765625
2 0.88359375 0.8203125 0.02265625 0.06875
3 0.54140625 0.07578125 0.02734375 0.06171875
1 0.7171875 0.82578125 0.06953125 0.15859375
2 0.9203125 0.678125 0.0265625 0.0578125
2 0.96953125 0.603125 0.028125 0.05859375