3 0.47734375 0.7671875 0.08046875 0.15625
1 0.19375 0.88984375 0.090625 0.1765625
2 0.3234375 0.8140625 0.034375 0.06875
3 0.61953125 0.61796875 0.0859375 0.18046875
3 0.33984375 0.59453125 0.096875 0.18046875
1 0.47421875 0.446875 0.04921875 0.075
1 0.721875 0.41953125 0.0578125 0.08046875
2 0.59921875 0.51953125 0.01796875 0.04765625
2 0.2828125 0.83671875 0.03984375 0.0578125
3 0.56171875 0.24453125 0.02890625 0.08046875
1 0.82734375 0.55859375 0.053125 0.0875
3 0.58046875 0.05546875 0.02109375 0.07265625
3 0.63984375 0.92578125 0.0671875 0.13671875