3 0.49765625 0.7484375 0.08125 0.13828125
1 0.20390625 0.86796875 0.09140625 0.165625
2 0.3234375 0.8140625 0.034375 0.06875
3 0.64453125 0.5875 0.0859375 0.1671875
3 0.3546875 0.57734375 0.08671875 0.1765625
1 0.478125 0.43515625 0.04375 0.075
1 0.740625 0.39921875 0.0578125 0.08046875
2 0.62265625 0.49140625 0.01796875 0.04765625
2 0.27890625 0.84765625 0.03984375 0.0578125
3 0.56015625 0.23046875 0.0265625 0.07421875
1 0.81171875 0.590625 0.06484375 0.0875
3 0.57734375 0.04296875 0.02109375 0.05859375
3 0.6234375 0.9703125 0.0546875 0.05859375