3 0.45703125 0.78515625 0.08046875 0.15625
1 0.1828125 0.91171875 0.090625 0.1765625
2 0.3203125 0.80859375 0.028125 0.06171875
3 0.596875 0.6453125 0.0859375 0.18046875
3 0.3234375 0.61484375 0.096875 0.18046875
1 0.4625 0.45390625 0.04921875 0.075
1 0.703125 0.43515625 0.0578125 0.08046875
2 0.5734375 0.5375 0.01796875 0.04765625
2 0.28515625 0.81953125 0.03984375 0.0578125
3 0.55625 0.2625 0.02890625 0.08046875
1 0.840625 0.5234375 0.0515625 0.08203125
3 0.578125 0.06640625 0.02109375 0.07265625
3 0.65703125 0.84375 0.0578125 0.1203125