1 0.43515625 0.92109375 0.1953125 0.153125
1 0.30546875 0.23203125 0.06171875 0.109375
2 0.32265625 0.3265625 0.02890625 0.1140625
1 0.2609375 0.196875 0.03984375 0.07265625
2 0.37578125 0.45234375 0.040625 0.1625
2 0.18828125 0.35390625 0.0296875 0.1046875
2 0.16640625 0.6953125 0.06015625 0.24140625
2 0.13671875 0.55234375 0.04296875 0.18359375
1 0.0296875 0.80078125 0.059375 0.3234375
1 0.8625 0.31875 0.08828125 0.1265625
1 0.11875 0.3109375 0.08046875 0.09765625
2 0.1875 0.290625 0.01953125 0.0640625