3 0.51484375 0.7296875 0.07890625 0.14921875
1 0.21015625 0.846875 0.09140625 0.165625
2 0.3234375 0.8140625 0.034375 0.06875
3 0.659375 0.5515625 0.084375 0.15234375
3 0.36796875 0.56328125 0.0828125 0.16953125
1 0.48515625 0.41875 0.04375 0.075
1 0.75546875 0.38046875 0.05625 0.07265625
2 0.64375 0.4609375 0.01484375 0.0421875
2 0.27421875 0.8578125 0.04296875 0.065625
2 0.97265625 0.55859375 0.0203125 0.053125
3 0.5578125 0.20703125 0.0265625 0.07421875
1 0.7953125 0.62109375 0.06171875 0.1109375
3 0.57109375 0.0296875 0.02109375 0.05859375