1 0.73359375 0.4125 0.0578125 0.07265625
1 0.80390625 0.609375 0.05859375 0.10703125
1 0.4765625 0.440625 0.046875 0.07265625
1 0.19765625 0.8765625 0.090625 0.16171875
3 0.4875 0.75546875 0.07890625 0.146875
3 0.63203125 0.596875 0.08203125 0.1765625
3 0.34921875 0.58671875 0.0921875 0.17421875
3 0.5609375 0.234375 0.02890625 0.08203125
2 0.3234375 0.8140625 0.03359375 0.07265625
2 0.28203125 0.840625 0.03984375 0.06171875
3 0.578125 0.04765625 0.02109375 0.065625
2 0.6140625 0.49921875 0.01875 0.0421875
2 0.62421875 0.9546875 0.0625 0.090625