3 0.41953125 0.8125 0.0875 0.15625
1 0.16015625 0.934375 0.08515625 0.13125
2 0.3171875 0.80078125 0.028125 0.06171875
3 0.540625 0.71875 0.10078125 0.21484375
3 0.28828125 0.65625 0.0984375 0.1890625
1 0.440625 0.475 0.05546875 0.0796875
1 0.659375 0.4765625 0.059375 0.09296875
2 0.5203125 0.58125 0.01953125 0.053125
2 0.2875 0.80859375 0.03984375 0.0578125
3 0.54140625 0.290625 0.0390625 0.09296875
1 0.86015625 0.47421875 0.0515625 0.08203125
3 0.57421875 0.08515625 0.02421875 0.0765625
3 0.690625 0.7203125 0.0578125 0.1203125