1 0.69375 0.69296875 0.2984375 0.27890625
1 0.8640625 0.49375 0.15234375 0.165625
1 0.3171875 0.4703125 0.09921875 0.20703125
2 0.62578125 0.31484375 0.03515625 0.10234375
1 0.72265625 0.290625 0.08203125 0.1
2 0.94765625 0.4484375 0.04765625 0.1140625
2 0.153125 0.70546875 0.0453125 0.2203125
1 0.02734375 0.809375 0.0546875 0.33046875
1 0.8640625 0.315625 0.08203125 0.1078125
2 0.84375 0.3578125 0.03125 0.090625
2 0.65703125 0.19296875 0.01484375 0.05078125
2 0.20546875 0.6859375 0.04140625 0.2203125
2 0.16875 0.475 0.025 0.134375
2 0.190625 0.40390625 0.02734375 0.12265625
2 0.17109375 0.34609375 0.02421875 0.1078125
2 0.2015625 0.28671875 0.021875 0.0859375
1 0.1171875 0.309375 0.0765625 0.10078125
1 0.54609375 0.128125 0.0296875 0.0609375
1 0.3765625 0.12421875 0.06953125 0.046875