1 0.56640625 0.7546875 0.32421875 0.371875
2 0.22578125 0.4515625 0.03828125 0.15078125
1 0.59609375 0.23359375 0.06328125 0.08984375
2 0.10078125 0.76171875 0.0546875 0.24921875
2 0.25703125 0.26484375 0.02578125 0.0921875
2 0.1765625 0.3421875 0.028125 0.10625
2 0.4515625 0.1796875 0.02109375 0.0671875
2 0.66328125 0.20078125 0.02578125 0.07109375
2 0.14375 0.571875 0.05 0.19296875
1 0.02578125 0.80703125 0.05078125 0.33046875
1 0.86484375 0.32109375 0.0875 0.11796875
1 0.11328125 0.30546875 0.0796875 0.09765625
1 0.38359375 0.1234375 0.05703125 0.05546875
1 0.615625 0.1640625 0.04609375 0.05546875
2 0.19453125 0.2640625 0.01484375 0.07734375