0 0.434375 0.43515625 0.14609375 0.10859375
0 0.675 0.43359375 0.0765625 0.0546875
3 0.775 0.33515625 0.11953125 0.0546875
3 0.384375 0.203125 0.0453125 0.04765625
3 0.3484375 0.31015625 0.121875 0.0921875
1 0.38515625 0.25859375 0.03828125 0.02890625
2 0.66875 0.78828125 0.05 0.0390625
2 0.271875 0.44375 0.0453125 0.03046875
2 0.6390625 0.59921875 0.02890625 0.03671875
1 0.7921875 0.371875 0.0578125 0.03125
3 0.34140625 0.096875 0.040625 0.04453125
3 0.7796875 0.26875 0.06171875 0.03515625
3 0.71171875 0.309375 0.07421875 0.03984375