1 0.43203125 0.78203125 0.175 0.38515625
1 0.28671875 0.23359375 0.05 0.08828125
1 0.93359375 0.50625 0.1328125 0.175
2 0.2625 0.44296875 0.0375 0.13671875
1 0.5796875 0.22890625 0.06796875 0.1203125
2 0.22421875 0.35546875 0.0265625 0.115625
2 0.6609375 0.18828125 0.0234375 0.07734375
2 0.80078125 0.33203125 0.0328125 0.09296875
1 0.8859375 0.74609375 0.228125 0.28984375
1 0.028125 0.81171875 0.0546875 0.3296875
1 0.865625 0.3265625 0.08671875 0.11953125
1 0.5859375 0.1359375 0.0390625 0.05703125
1 0.428125 0.1078125 0.05703125 0.0609375
1 0.11640625 0.309375 0.0796875 0.09765625
2 0.11953125 0.625 0.04140625 0.1984375
2 0.17734375 0.56328125 0.03828125 0.1734375
2 0.1859375 0.46171875 0.03515625 0.12109375
2 0.2 0.3515625 0.02421875 0.12265625
2 0.9734375 0.59375 0.053125 0.075