3 0.2015625 0.7625 0.10078125 0.209375
3 0.36484375 0.9125 0.11953125 0.17421875
3 0.328125 0.8625 0.084375 0.15625
3 0.49921875 0.3609375 0.05234375 0.1015625
3 0.76875 0.515625 0.04375 0.07265625
1 0.67578125 0.6921875 0.06484375 0.09609375
1 0.5515625 0.59296875 0.0640625 0.10703125
1 0.921875 0.36875 0.046875 0.0484375
1 0.92421875 0.2828125 0.0421875 0.0484375
1 0.36875 0.54375 0.0625 0.08125
3 0.5640625 0.14296875 0.02421875 0.09453125
2 0.40390625 0.6671875 0.0265625 0.06015625
2 0.30546875 0.73984375 0.0328125 0.05859375