1 0.1890625 0.7125 0.07578125 0.1375
1 0.3296875 0.4703125 0.0578125 0.10859375
1 0.43984375 0.3109375 0.05078125 0.084375
1 0.53203125 0.17109375 0.034375 0.05546875
1 0.56484375 0.01640625 0.0171875 0.0328125
1 0.91328125 0.2296875 0.0421875 0.04453125
1 0.40859375 0.7421875 0.071875 0.14453125
2 0.67265625 0.75390625 0.021875 0.0515625
2 0.81328125 0.465625 0.028125 0.04296875
2 0.8421875 0.3859375 0.0203125 0.03828125
2 0.9328125 0.31015625 0.02265625 0.04140625
2 0.26953125 0.70390625 0.03125 0.0484375
2 0.29375 0.63203125 0.03359375 0.04140625
2 0.32734375 0.57890625 0.0296875 0.04140625