1 0.31640625 0.40234375 0.0609375 0.1171875
1 0.4421875 0.2328125 0.05078125 0.08984375
1 0.52890625 0.103125 0.0390625 0.065625
1 0.815625 0.23828125 0.0421875 0.0515625
1 0.596875 0.34296875 0.05078125 0.0859375
2 0.70546875 0.646875 0.028125 0.04296875
2 0.7140625 0.55625 0.0203125 0.04296875
2 0.815625 0.390625 0.0171875 0.04140625
2 0.29609375 0.59453125 0.0328125 0.0484375
2 0.31171875 0.52734375 0.03359375 0.04140625
2 0.3453125 0.4765625 0.0296875 0.04140625
1 0.35234375 0.640625 0.0890625 0.15078125