1 0.81875 0.715625 0.27109375 0.284375
1 0.50703125 0.90859375 0.2390625 0.178125
1 0.29453125 0.27734375 0.0578125 0.1078125
1 0.56328125 0.18515625 0.05234375 0.09921875
1 0.85546875 0.42734375 0.12890625 0.14375
2 0.10625 0.87265625 0.065625 0.2546875
2 0.190625 0.415625 0.03125 0.115625
2 0.7421875 0.27578125 0.02890625 0.08671875
1 0.0296875 0.8140625 0.05859375 0.3453125
2 0.2234375 0.40390625 0.03046875 0.1328125
2 0.8390625 0.50546875 0.059375 0.13125
1 0.11640625 0.3046875 0.07890625 0.109375
1 0.8625 0.31484375 0.09140625 0.109375
2 0.271875 0.56640625 0.04296875 0.18828125
2 0.190625 0.596875 0.0328125 0.18046875
2 0.1640625 0.72265625 0.05 0.21015625
2 0.196875 0.32109375 0.01796875 0.090625