1 0.5171875 0.796875 0.321875 0.40625
2 0.2046875 0.6515625 0.05703125 0.21171875
1 0.5703125 0.2 0.053125 0.075
2 0.1671875 0.39375 0.034375 0.125
2 0.24921875 0.3078125 0.02890625 0.10859375
2 0.284375 0.2296875 0.02109375 0.084375
2 0.1890625 0.29296875 0.021875 0.08984375
1 0.0265625 0.79375 0.0515625 0.3609375
2 0.221875 0.21953125 0.0203125 0.06953125
2 0.63984375 0.1765625 0.01484375 0.06328125
2 0.075 0.95546875 0.08515625 0.0890625
1 0.11640625 0.31171875 0.0828125 0.11171875
1 0.86484375 0.325 0.0875 0.1125
1 0.259375 0.159375 0.034375 0.0609375
1 0.60390625 0.15078125 0.0375 0.05546875
1 0.415625 0.11640625 0.05390625 0.046875
2 0.11328125 0.7359375 0.05 0.221875