1 0.7390625 0.490625 0.16328125 0.28125
1 0.83125 0.26171875 0.1171875 0.15234375
1 0.7015625 0.046875 0.0625 0.09375
1 0.6109375 0.059375 0.046875 0.07578125
2 0.52421875 0.11484375 0.0453125 0.109375
2 0.58984375 0.11328125 0.04609375 0.10703125
2 0.65546875 0.15859375 0.0421875 0.12421875
2 0.53828125 0.29609375 0.0421875 0.153125
2 0.5671875 0.3953125 0.0515625 0.19453125
2 0.48046875 0.41953125 0.06796875 0.21015625
2 0.74140625 0.1171875 0.0453125 0.134375
2 0.69453125 0.1078125 0.0375 0.10546875
1 0.86640625 0.90234375 0.2671875 0.1953125
1 0.959375 0.21640625 0.08125 0.1453125