1 0.17109375 0.775 0.08359375 0.16328125
1 0.31328125 0.503125 0.0578125 0.10859375
1 0.42421875 0.3421875 0.05078125 0.084375
1 0.5203125 0.20078125 0.034375 0.05546875
1 0.5609375 0.0328125 0.021875 0.04453125
1 0.925 0.2328125 0.0421875 0.04453125
1 0.3828125 0.80546875 0.071875 0.14453125
2 0.6890625 0.7078125 0.021875 0.0515625
2 0.825 0.4546875 0.028125 0.04296875
2 0.85234375 0.37734375 0.0203125 0.03828125
2 0.94609375 0.30546875 0.02265625 0.04140625
2 0.26953125 0.7125 0.03125 0.0484375
2 0.28984375 0.64765625 0.03359375 0.04140625
2 0.32578125 0.59609375 0.0296875 0.04140625