1 0.44375 0.840625 0.28359375 0.31875
1 0.29140625 0.20234375 0.05703125 0.08984375
2 0.21171875 0.471875 0.0421875 0.15703125
2 0.12578125 0.6671875 0.05234375 0.20859375
1 0.5421875 0.15859375 0.040625 0.0625
2 0.33515625 0.334375 0.03125 0.121875
2 0.16171875 0.409375 0.03359375 0.12890625
1 0.24609375 0.17578125 0.0390625 0.0625
2 0.2046875 0.2859375 0.021875 0.08984375
1 0.11640625 0.31328125 0.07890625 0.11640625
1 0.0296875 0.81171875 0.05859375 0.3375
1 0.8640625 0.3203125 0.0890625 0.11640625