1 0.928125 0.478125 0.14375 0.278125
1 0.96796875 0.17578125 0.0625 0.09140625
1 0.73984375 0.11328125 0.07734375 0.1078125
1 0.6734375 0.0265625 0.0515625 0.05234375
1 0.615625 0.121875 0.06484375 0.0890625
1 0.596875 0.0296875 0.0546875 0.0546875
1 0.89609375 0.946875 0.2078125 0.10625
2 0.746875 0.2203125 0.0359375 0.128125
2 0.63359375 0.30703125 0.0484375 0.1578125
2 0.5109375 0.56484375 0.0578125 0.2234375
2 0.54609375 0.84921875 0.09375 0.21640625
2 0.39765625 0.81796875 0.08984375 0.2765625
2 0.53671875 0.21953125 0.03671875 0.134375
2 0.49296875 0.19453125 0.0328125 0.12578125
2 0.72421875 0.184375 0.0296875 0.13125