2 0.31796875 0.54296875 0.03125 0.03828125
2 0.4734375 0.396875 0.0203125 0.04296875
2 0.56796875 0.3203125 0.01640625 0.0484375
2 0.44609375 0.48359375 0.01875 0.0484375
2 0.35546875 0.53046875 0.02578125 0.04296875
2 0.95703125 0.27734375 0.02265625 0.034375
1 0.39453125 0.7265625 0.071875 0.1375
1 0.4328125 0.94375 0.071875 0.1125
1 0.58828125 0.39453125 0.05390625 0.0890625
1 0.53125 0.14296875 0.0375 0.0671875
1 0.58125 0.021875 0.02578125 0.03984375
1 0.73984375 0.1578125 0.04765625 0.05859375
3 0.35078125 0.365625 0.0984375 0.1734375
3 0.7046875 0.240625 0.0765625 0.1078125
3 0.5546875 0.890625 0.11875 0.21875
3 0.08203125 0.896875 0.1265625 0.20625