1 0.76875 0.365625 0.0578125 0.07265625
1 0.784375 0.63671875 0.05859375 0.10703125
1 0.48515625 0.41328125 0.0453125 0.07265625
1 0.215625 0.82734375 0.090625 0.16171875
3 0.5265625 0.71171875 0.07890625 0.146875
3 0.66796875 0.53359375 0.08203125 0.1578125
3 0.37578125 0.54140625 0.0890625 0.165625
3 0.55859375 0.19140625 0.02890625 0.07421875
2 0.959375 0.57890625 0.025 0.04765625
2 0.3265625 0.8046875 0.03359375 0.07265625
2 0.26953125 0.86640625 0.03984375 0.06171875
3 0.56875 0.02890625 0.02109375 0.0546875
2 0.6578125 0.44140625 0.01875 0.0421875
2 0.73828125 0.30234375 0.01328125 0.034375
2 0.85 0.25390625 0.01328125 0.034375