1 0.29921875 0.4421875 0.0609375 0.1171875
1 0.4234375 0.2671875 0.05859375 0.09609375
1 0.5171875 0.13203125 0.0390625 0.065625
1 0.57109375 0.015625 0.0328125 0.03125
1 0.83125 0.23125 0.0421875 0.0515625
1 0.57265625 0.3921875 0.0578125 0.1
2 0.725 0.596875 0.028125 0.04296875
2 0.7375 0.51640625 0.0203125 0.04296875
2 0.83984375 0.36640625 0.0171875 0.04140625
2 0.29140625 0.61015625 0.0328125 0.0484375
2 0.30859375 0.54296875 0.03359375 0.04140625
2 0.33984375 0.49140625 0.0296875 0.04140625
1 0.32109375 0.7203125 0.09375 0.1796875