1 0.43515625 0.8828125 0.22421875 0.23125
1 0.30390625 0.22265625 0.05625 0.10234375
2 0.146875 0.496875 0.0421875 0.165625
2 0.3625 0.39453125 0.034375 0.134375
2 0.0921875 0.87109375 0.059375 0.2484375
2 0.19140625 0.5953125 0.0515625 0.2125
1 0.25546875 0.1875 0.0375 0.06953125
1 0.5359375 0.14375 0.03984375 0.0640625
1 0.02890625 0.82265625 0.0578125 0.3546875
2 0.32265625 0.3046875 0.028125 0.07734375
2 0.19140625 0.2671875 0.02109375 0.06484375
1 0.8640625 0.32265625 0.09375 0.128125
2 0.19453125 0.3328125 0.015625 0.0875
1 0.1140625 0.3109375 0.08125 0.09765625