3 0.5484375 0.66953125 0.07421875 0.14765625
1 0.23125 0.78515625 0.096875 0.15625
2 0.33203125 0.7890625 0.03984375 0.0765625
3 0.69375 0.48125 0.084375 0.14140625
3 0.3875 0.50859375 0.08515625 0.16328125
1 0.48828125 0.3828125 0.04375 0.075
1 0.7890625 0.3296875 0.05625 0.07265625
2 0.68671875 0.39921875 0.01484375 0.0421875
2 0.259375 0.86875 0.05 0.0765625
2 0.93359375 0.63359375 0.0203125 0.053125
3 0.553125 0.15859375 0.0265625 0.07421875
1 0.76328125 0.6828125 0.06171875 0.1109375
2 0.97578125 0.54296875 0.01953125 0.04765625