1 0.62734375 0.22109375 0.10078125 0.1625
1 0.91484375 0.40546875 0.16328125 0.23046875
1 0.678125 0.42109375 0.12734375 0.1984375
1 0.73125 0.134375 0.078125 0.0984375
1 0.6234375 0.0171875 0.046875 0.03125
2 0.509375 0.1203125 0.03671875 0.09765625
2 0.49375 0.265625 0.03828125 0.13046875
2 0.77890625 0.2359375 0.03515625 0.1390625
2 0.77421875 0.18359375 0.0375 0.10078125
2 0.35859375 0.8578125 0.096875 0.24296875
2 0.97109375 0.69296875 0.0578125 0.2734375
2 0.96640625 0.9078125 0.0671875 0.184375
1 0.97421875 0.14453125 0.05078125 0.1171875
1 0.9765625 0.21953125 0.046875 0.14296875