1 0.325 0.39921875 0.09140625 0.16328125
1 0.31796875 0.803125 0.1546875 0.39375
1 0.69140625 0.41328125 0.13984375 0.21328125
2 0.228125 0.5390625 0.05703125 0.18125
2 0.7390625 0.2875 0.02890625 0.09453125
1 0.0296875 0.8078125 0.05859375 0.3359375
2 0.25625 0.29609375 0.02578125 0.096875
2 0.1859375 0.2953125 0.025 0.075
2 0.18671875 0.3640625 0.01953125 0.0828125
2 0.15625 0.3609375 0.02421875 0.1046875
2 0.22890625 0.26875 0.015625 0.07734375
2 0.20625 0.271875 0.01953125 0.0875
1 0.25859375 0.1734375 0.03984375 0.0671875
1 0.37890625 0.1125 0.06171875 0.05703125
1 0.6078125 0.17578125 0.05078125 0.07265625
1 0.890625 0.346875 0.10234375 0.1328125
1 0.1125 0.309375 0.08046875 0.10078125