1 0.75546875 0.128125 0.08515625 0.1078125
1 0.67734375 0.03125 0.0515625 0.0625
1 0.6203125 0.1390625 0.06953125 0.1
1 0.60234375 0.05703125 0.0609375 0.08203125
2 0.7546875 0.26328125 0.04765625 0.14296875
2 0.7359375 0.20859375 0.04140625 0.10703125
2 0.5140625 0.271875 0.0390625 0.15234375
2 0.48203125 0.22421875 0.03671875 0.1328125
2 0.63125 0.3625 0.065625 0.16953125
2 0.528125 0.08125 0.0328125 0.08046875
2 0.5109375 0.69296875 0.09765625 0.271875
1 0.94609375 0.58671875 0.1078125 0.35234375