1 0.38203125 0.5953125 0.128125 0.26875
2 0.259375 0.3828125 0.034375 0.1296875
2 0.20390625 0.85390625 0.08203125 0.2828125
1 0.2796875 0.20703125 0.04609375 0.0796875
2 0.67890625 0.21640625 0.02265625 0.0796875
1 0.6046875 0.2703125 0.08125 0.14140625
1 0.91796875 0.78515625 0.15234375 0.2875
1 0.03046875 0.80546875 0.059375 0.3390625
2 0.13125 0.4984375 0.03828125 0.16015625
1 0.971875 0.56015625 0.05625 0.1296875
1 0.87109375 0.32734375 0.096875 0.12109375
1 0.59296875 0.15 0.03828125 0.0609375
1 0.41484375 0.11015625 0.0640625 0.05546875
1 0.11640625 0.30859375 0.08046875 0.10234375
2 0.1828125 0.471875 0.028125 0.13828125
2 0.1828125 0.37421875 0.03046875 0.084375
2 0.2234375 0.3203125 0.02265625 0.09609375
2 0.20234375 0.3234375 0.02265625 0.09296875
2 0.85625 0.38515625 0.03984375 0.09609375