1 0.63671875 0.22421875 0.08359375 0.134375
1 0.69453125 0.0671875 0.06171875 0.08046875
1 0.803125 0.21015625 0.1046875 0.14921875
1 0.61171875 0.1109375 0.07421875 0.103125
1 0.97109375 0.171875 0.05625 0.1640625
2 0.6578125 0.71171875 0.08359375 0.26640625
2 0.43125 0.5421875 0.05703125 0.228125
2 0.44609375 0.36875 0.04609375 0.12578125
2 0.80546875 0.434375 0.053125 0.19296875
2 0.8171875 0.31484375 0.040625 0.09765625
2 0.5109375 0.1359375 0.03671875 0.09921875
2 0.52734375 0.06171875 0.0328125 0.08515625
2 0.7453125 0.1203125 0.03046875 0.109375
2 0.78984375 0.10078125 0.0328125 0.08203125