1 0.71328125 0.4296875 0.05859375 0.08203125
1 0.8296875 0.5421875 0.05859375 0.08203125
1 0.46796875 0.4515625 0.04921875 0.08046875
1 0.1875 0.90546875 0.090625 0.17265625
3 0.46953125 0.775 0.08125 0.16171875
3 0.61171875 0.6265625 0.08828125 0.1796875
3 0.334375 0.60859375 0.0984375 0.17421875
3 0.56015625 0.246875 0.02890625 0.08203125
2 0.321875 0.80859375 0.0296875 0.06171875
2 0.284375 0.82109375 0.03984375 0.06171875
3 0.578125 0.0546875 0.02109375 0.065625
2 0.5875 0.52265625 0.01875 0.0421875
3 0.64609375 0.890625 0.065625 0.1234375