3 0.35703125 0.84140625 0.0875 0.15625
2 0.3015625 0.76953125 0.0375 0.05234375
3 0.44375 0.84765625 0.1109375 0.2328125
3 0.23359375 0.715625 0.10390625 0.2015625
1 0.39921875 0.51171875 0.05546875 0.0859375
1 0.5953125 0.53828125 0.059375 0.09296875
2 0.446875 0.640625 0.025 0.053125
3 0.515625 0.33203125 0.04765625 0.0890625
1 0.89609375 0.4046875 0.046875 0.0640625
3 0.56796875 0.1203125 0.02421875 0.0765625
3 0.7375 0.58125 0.0484375 0.09453125
1 0.63359375 0.81875 0.06484375 0.12734375
1 0.97265625 0.26953125 0.046875 0.046875
2 0.70234375 0.34140625 0.01953125 0.03125