3 0.5890625 0.60234375 0.07265625 0.1328125
1 0.25859375 0.70859375 0.09296875 0.13984375
2 0.33515625 0.7671875 0.03984375 0.0765625
3 0.73359375 0.403125 0.084375 0.14140625
3 0.41171875 0.446875 0.0796875 0.16015625
1 0.49453125 0.3359375 0.03984375 0.07421875
1 0.8296875 0.26953125 0.0546875 0.0640625
2 0.734375 0.32265625 0.01484375 0.0421875
2 0.24609375 0.8796875 0.05 0.0765625
2 0.89609375 0.75625 0.02265625 0.06875
3 0.54453125 0.0953125 0.02734375 0.06171875
1 0.72890625 0.775 0.06953125 0.14375
2 0.9359375 0.62734375 0.021875 0.0578125
2 0.98359375 0.56015625 0.025 0.04921875