1 0.8875 0.36953125 0.14375 0.19765625
1 0.83359375 0.7859375 0.26171875 0.425
1 0.721875 0.0796875 0.0734375 0.090625
1 0.96796875 0.196875 0.0640625 0.103125
1 0.6109375 0.09453125 0.05859375 0.0890625
1 0.59375 0.0265625 0.053125 0.05234375
2 0.73984375 0.1671875 0.0421875 0.1234375
2 0.63359375 0.228125 0.05 0.140625
2 0.56953125 0.1609375 0.0390625 0.11953125
2 0.5015625 0.15390625 0.03125 0.1125
2 0.52734375 0.4125 0.06796875 0.1984375
2 0.5609375 0.60234375 0.08984375 0.25703125
2 0.43828125 0.60859375 0.09453125 0.29375
2 0.70703125 0.1484375 0.04140625 0.115625
2 0.53515625 0.04453125 0.034375 0.07734375
2 0.81953125 0.04453125 0.04921875 0.0859375