1 0.61953125 0.71328125 0.31796875 0.30078125
1 0.65546875 0.296875 0.0890625 0.1046875
2 0.08671875 0.95390625 0.08359375 0.0921875
2 0.14921875 0.74609375 0.04921875 0.2296875
2 0.1734375 0.421875 0.03671875 0.140625
1 0.64296875 0.2015625 0.053125 0.071875
2 0.25234375 0.3046875 0.02734375 0.10625
2 0.4984375 0.209375 0.025 0.0796875
2 0.1875 0.2765625 0.02109375 0.07734375
2 0.72265625 0.2640625 0.028125 0.08046875
2 0.71328125 0.24921875 0.03671875 0.10078125
2 0.20390625 0.2296875 0.01875 0.06640625
1 0.02734375 0.81171875 0.05390625 0.334375
2 0.25703125 0.21484375 0.02109375 0.07109375
2 0.1296875 0.5234375 0.04296875 0.1578125
1 0.46015625 0.98671875 0.17578125 0.0265625
1 0.86171875 0.32578125 0.08828125 0.12421875
1 0.115625 0.309375 0.075 0.09453125
1 0.3375 0.1234375 0.05625 0.05546875