2 0.31796875 0.5296875 0.03125 0.03828125
2 0.4703125 0.38984375 0.0203125 0.04296875
2 0.5453125 0.3359375 0.01640625 0.0484375
2 0.42578125 0.49140625 0.01875 0.0484375
2 0.3515625 0.51640625 0.02578125 0.04296875
2 0.975 0.2484375 0.02265625 0.034375
1 0.3703125 0.75390625 0.07578125 0.1546875
1 0.45859375 0.87578125 0.07109375 0.15546875
1 0.5734375 0.39453125 0.05390625 0.0890625
1 0.5265625 0.13359375 0.04609375 0.07578125
1 0.58125 0.01328125 0.02578125 0.02265625
1 0.73125 0.14765625 0.04765625 0.05859375
3 0.3359375 0.3609375 0.0984375 0.18671875
3 0.6875 0.23984375 0.084375 0.1234375
3 0.58046875 0.8171875 0.121875 0.2703125
3 0.06796875 0.90390625 0.11796875 0.19140625