3 0.14453125 0.85703125 0.1109375 0.23046875
3 0.28359375 0.9109375 0.08984375 0.1734375
3 0.46484375 0.38984375 0.06015625 0.11171875
3 0.81328125 0.4421875 0.0390625 0.0625
1 0.74140625 0.56640625 0.05546875 0.08125
1 0.484375 0.69375 0.0765625 0.1375
1 0.96953125 0.32734375 0.046875 0.0484375
1 0.85546875 0.30859375 0.0421875 0.0484375
1 0.3125 0.59921875 0.06328125 0.0875
3 0.55546875 0.1828125 0.03046875 0.09453125
2 0.35078125 0.69140625 0.0265625 0.06015625
2 0.3046875 0.7125 0.0328125 0.05859375
1 0.946875 0.259375 0.03984375 0.046875