3 0.10078125 0.9015625 0.1171875 0.196875
3 0.2515625 0.9328125 0.08359375 0.134375
3 0.4375 0.415625 0.0640625 0.11171875
3 0.84765625 0.4078125 0.0390625 0.0625
1 0.78359375 0.5078125 0.05546875 0.08125
1 0.42734375 0.78203125 0.0765625 0.14609375
1 0.81171875 0.33046875 0.0453125 0.05546875
1 0.2734375 0.6484375 0.0671875 0.0984375
3 0.54921875 0.2046875 0.03359375 0.09453125
2 0.32109375 0.7125 0.0328125 0.05859375
1 0.89921875 0.275 0.03984375 0.046875
1 0.55859375 0.86875 0.0796875 0.13828125