1 0.240625 0.57890625 0.07109375 0.13046875
1 0.371875 0.375 0.05859375 0.09609375
1 0.47578125 0.23203125 0.04765625 0.0703125
1 0.55234375 0.09765625 0.034375 0.05546875
1 0.8796875 0.22421875 0.0421875 0.04453125
1 0.47578125 0.575 0.0625 0.12265625
2 0.6015625 0.97421875 0.021875 0.0515625
2 0.775 0.50625 0.028125 0.04296875
2 0.796875 0.425 0.0203125 0.03828125
2 0.89765625 0.32421875 0.02265625 0.04140625
2 0.27890625 0.66484375 0.0328125 0.0484375
2 0.30234375 0.584375 0.03359375 0.04140625
2 0.33203125 0.53984375 0.0296875 0.04140625
1 0.20703125 0.93671875 0.0890625 0.12578125