3 0.37734375 0.834375 0.0875 0.15625
1 0.140625 0.9625 0.06171875 0.075
2 0.30703125 0.7828125 0.02890625 0.04765625
3 0.48046875 0.803125 0.10390625 0.2328125
3 0.25078125 0.68984375 0.10390625 0.2015625
1 0.4140625 0.49765625 0.05546875 0.0859375
1 0.6171875 0.51796875 0.059375 0.09296875
2 0.47109375 0.62109375 0.025 0.053125
3 0.52578125 0.31796875 0.0390625 0.09296875
1 0.8828125 0.425 0.046875 0.0640625
3 0.57109375 0.10703125 0.02421875 0.0765625
3 0.725 0.62109375 0.0484375 0.09453125
1 0.6140625 0.896875 0.06953125 0.14921875