1 0.3296875 0.36328125 0.0609375 0.1171875
1 0.45625 0.20546875 0.05078125 0.08984375
1 0.5421875 0.0734375 0.0390625 0.065625
1 0.79765625 0.24765625 0.05 0.06015625
1 0.6265625 0.29453125 0.05078125 0.0859375
2 0.68515625 0.69296875 0.028125 0.04296875
2 0.6890625 0.60546875 0.0203125 0.04296875
2 0.79765625 0.41640625 0.0171875 0.04140625
2 0.30390625 0.57890625 0.0328125 0.0484375
2 0.315625 0.5140625 0.03359375 0.04140625
2 0.34765625 0.4640625 0.0296875 0.04140625
1 0.38671875 0.58046875 0.0890625 0.15078125