2 0.321875 0.50703125 0.03125 0.03828125
2 0.45078125 0.39296875 0.0203125 0.04296875
2 0.5015625 0.38046875 0.01640625 0.0484375
2 0.38828125 0.53125 0.01875 0.0484375
2 0.340625 0.51640625 0.02578125 0.04296875
2 0.35703125 0.46015625 0.03125 0.0359375
1 0.32421875 0.834375 0.07578125 0.1546875
1 0.49765625 0.76171875 0.0609375 0.14375
1 0.54375 0.41953125 0.05859375 0.103125
1 0.515625 0.13359375 0.04609375 0.07578125
1 0.58125 0.01328125 0.02578125 0.02265625
1 0.7046875 0.15078125 0.04765625 0.05859375
3 0.31875 0.37265625 0.0984375 0.18671875
3 0.65703125 0.25546875 0.084375 0.1234375
3 0.621875 0.68671875 0.1109375 0.23984375
3 0.04609375 0.93515625 0.0921875 0.1296875
1 0.97265625 0.04921875 0.04375 0.05