3 0.56953125 0.6359375 0.07109375 0.14140625
1 0.2453125 0.74453125 0.0953125 0.146875
2 0.334375 0.778125 0.03984375 0.0765625
3 0.71328125 0.4375 0.084375 0.14140625
3 0.4015625 0.4734375 0.08515625 0.16328125
1 0.49375 0.35703125 0.04375 0.075
1 0.81015625 0.29765625 0.05625 0.07265625
2 0.71015625 0.353125 0.01484375 0.0421875
2 0.2515625 0.87265625 0.05 0.0765625
2 0.9125 0.6890625 0.02265625 0.06875
3 0.5484375 0.12578125 0.0265625 0.07421875
1 0.74375 0.728125 0.06953125 0.14375
2 0.95234375 0.58046875 0.021875 0.0578125