1 0.3484375 0.48203125 0.10390625 0.203125
2 0.2140625 0.66015625 0.06171875 0.228125
1 0.6375 0.3265625 0.103125 0.17109375
2 0.259375 0.32890625 0.03046875 0.11015625
2 0.709375 0.25078125 0.02578125 0.084375
1 0.340625 0.88984375 0.18984375 0.2203125
2 0.146875 0.409375 0.03203125 0.12578125
2 0.9421875 0.47265625 0.0515625 0.1171875
2 0.18515625 0.4171875 0.025 0.1015625
1 0.028125 0.809375 0.05546875 0.334375
1 0.965625 0.82265625 0.06875 0.2625
1 0.87890625 0.3390625 0.0953125 0.128125
1 0.11796875 0.3125 0.071875 0.10078125
1 0.26796875 0.1875 0.03671875 0.06875
1 0.396875 0.11484375 0.0625 0.05234375
2 0.2265625 0.2890625 0.0203125 0.08125
2 0.2078125 0.29375 0.021875 0.084375
2 0.18203125 0.32421875 0.02421875 0.07421875
1 0.59921875 0.16015625 0.04296875 0.05859375