3 0.1671875 0.82109375 0.109375 0.2234375
3 0.31484375 0.97265625 0.0671875 0.0546875
3 0.2984375 0.89140625 0.084375 0.15625
3 0.47421875 0.3796875 0.06015625 0.11171875
3 0.7984375 0.46640625 0.0390625 0.0625
1 0.71875 0.60234375 0.05546875 0.08125
1 0.50625 0.6578125 0.0671875 0.1171875
1 0.953125 0.34140625 0.046875 0.0484375
1 0.8765625 0.296875 0.0421875 0.0484375
1 0.33359375 0.578125 0.06328125 0.0875
3 0.56015625 0.1640625 0.03046875 0.09453125
2 0.3703125 0.6828125 0.0265625 0.06015625
2 0.303125 0.7265625 0.0328125 0.05859375
1 0.97265625 0.253125 0.03984375 0.046875