1 0.640625 0.25 0.09140625 0.1421875
1 0.6984375 0.078125 0.06484375 0.08359375
1 0.8203125 0.24375 0.11328125 0.1640625
1 0.6140625 0.128125 0.07265625 0.11328125
1 0.9734375 0.17578125 0.05234375 0.1296875
2 0.67265625 0.8375 0.096875 0.23984375
2 0.40703125 0.66484375 0.06875 0.278125
2 0.43359375 0.4484375 0.053125 0.1875
2 0.509375 0.15546875 0.0296875 0.109375
2 0.52734375 0.0734375 0.0375 0.090625
2 0.7453125 0.1375 0.03359375 0.10234375
2 0.78046875 0.1203125 0.03125 0.10078125
2 0.82421875 0.49609375 0.053125 0.21484375
2 0.84140625 0.36953125 0.04296875 0.12109375