1 0.28203125 0.48515625 0.0609375 0.1171875
1 0.40625 0.3015625 0.05859375 0.09609375
1 0.50390625 0.16796875 0.0390625 0.065625
1 0.56484375 0.04453125 0.034375 0.05546875
1 0.84921875 0.2265625 0.0421875 0.04453125
1 0.54296875 0.45546875 0.0578125 0.1
2 0.7421875 0.56328125 0.028125 0.04296875
2 0.759375 0.484375 0.0203125 0.04296875
2 0.86015625 0.35 0.02265625 0.04140625
2 0.29140625 0.621875 0.0328125 0.0484375
2 0.30703125 0.55703125 0.03359375 0.04140625
2 0.33984375 0.50234375 0.0296875 0.04140625
1 0.28203125 0.79375 0.09375 0.1796875