1 0.71640625 0.68515625 0.29375 0.275
1 0.30859375 0.39296875 0.0796875 0.1609375
1 0.75 0.32421875 0.0984375 0.11015625
2 0.67265625 0.353125 0.04140625 0.115625
1 0.92578125 0.57578125 0.140625 0.18984375
2 0.34765625 0.95234375 0.09609375 0.0953125
1 0.02890625 0.7953125 0.0578125 0.36171875
2 0.1703125 0.5984375 0.0359375 0.19375
2 0.21484375 0.578125 0.0359375 0.18828125
2 0.17734375 0.415625 0.028125 0.1328125
2 0.1984375 0.365625 0.02109375 0.109375
2 0.17890625 0.3140625 0.021875 0.0875
2 0.2078125 0.26328125 0.01640625 0.07578125
2 0.90625 0.41484375 0.04375 0.1046875
1 0.86328125 0.31484375 0.090625 0.12265625
1 0.1171875 0.31015625 0.07578125 0.09609375
1 0.5484375 0.134375 0.034375 0.08046875
2 0.6734375 0.2109375 0.0140625 0.04921875