1 0.7515625 0.3875 0.0578125 0.07265625
1 0.80390625 0.609375 0.05859375 0.10703125
1 0.48125 0.4265625 0.046875 0.07265625
1 0.20703125 0.8546875 0.090625 0.16171875
3 0.50625 0.7375 0.07890625 0.146875
3 0.65234375 0.5640625 0.08203125 0.1578125
3 0.3625 0.5640625 0.0921875 0.17421875
3 0.55859375 0.21484375 0.02890625 0.07421875
2 0.98203125 0.54296875 0.025 0.04765625
2 0.3234375 0.8140625 0.03359375 0.07265625
2 0.27578125 0.85546875 0.03984375 0.06171875
3 0.5734375 0.03671875 0.02109375 0.065625
2 0.6375 0.471875 0.01875 0.0421875