3 0.11640625 0.884375 0.1171875 0.23125
3 0.26484375 0.92265625 0.08359375 0.1546875
3 0.4484375 0.40390625 0.06015625 0.11171875
3 0.83046875 0.41484375 0.0390625 0.0625
1 0.7640625 0.53359375 0.05546875 0.08125
1 0.4515625 0.746875 0.0765625 0.1375
1 0.984375 0.31796875 0.03125 0.04296875
1 0.8265625 0.315625 0.0421875 0.0484375
1 0.28828125 0.6265625 0.0671875 0.0984375
3 0.55 0.19296875 0.03046875 0.09453125
2 0.33359375 0.7015625 0.0265625 0.06015625
2 0.3046875 0.7125 0.0328125 0.05859375
1 0.91484375 0.2703125 0.03984375 0.046875
1 0.53203125 0.9296875 0.0796875 0.140625