1 0.59375 0.74140625 0.32265625 0.3484375
1 0.625 0.26328125 0.07578125 0.096875
2 0.134375 0.91328125 0.07421875 0.16796875
2 0.23671875 0.36640625 0.03125 0.11953125
2 0.1828125 0.3015625 0.0234375 0.0875
2 0.159375 0.47578125 0.03984375 0.15390625
2 0.471875 0.19375 0.02421875 0.0765625
2 0.2578125 0.2375 0.0234375 0.0734375
2 0.6875 0.2265625 0.0265625 0.084375
2 0.11640625 0.61953125 0.05 0.21015625
1 0.8625 0.3234375 0.09140625 0.11953125
1 0.11640625 0.30859375 0.08046875 0.09609375
1 0.0296875 0.80390625 0.059375 0.334375
1 0.6265625 0.1859375 0.04921875 0.06875
1 0.35859375 0.11796875 0.05859375 0.05078125
2 0.19921875 0.24140625 0.015625 0.06875