2 0.540625 0.58046875 0.06484375 0.18125
2 0.25546875 0.48828125 0.05546875 0.15703125
2 0.1203125 0.5015625 0.0609375 0.15703125
1 0.65625 0.340625 0.06796875 0.07734375
2 0.58046875 0.46328125 0.0453125 0.12421875
2 0.69375 0.490625 0.04140625 0.1296875
1 0.02890625 0.4078125 0.0578125 0.12734375
2 0.36953125 0.43515625 0.04609375 0.12421875
2 0.659375 0.41875 0.034375 0.09921875
2 0.77109375 0.36328125 0.02265625 0.06328125
2 0.4453125 0.35390625 0.02890625 0.08203125
2 0.49609375 0.359375 0.02734375 0.08203125
2 0.51640625 0.33203125 0.02109375 0.0625
2 0.30078125 0.42734375 0.03671875 0.096875
2 0.34453125 0.4265625 0.02578125 0.10625