2 0.4734375 0.596875 0.0671875 0.18984375
1 0.6265625 0.36875 0.08671875 0.0984375
2 0.64296875 0.61328125 0.05625 0.184375
2 0.59296875 0.4984375 0.04609375 0.13515625
3 0.121875 0.64609375 0.24375 0.3453125
2 0.32109375 0.40703125 0.0390625 0.1078125
2 0.7640625 0.384375 0.02421875 0.07421875
2 0.7109375 0.365625 0.025 0.06875
2 0.5578125 0.31953125 0.02265625 0.07265625
2 0.3046875 0.7984375 0.10703125 0.153125
2 0.4078125 0.37109375 0.02421875 0.084375
1 0.0265625 0.40546875 0.053125 0.1203125
2 0.42734375 0.40234375 0.03359375 0.09375
2 0.4609375 0.36875 0.0234375 0.08046875
2 0.4921875 0.371875 0.03125 0.09375