2 0.86796875 0.6234375 0.05703125 0.1203125
2 0.73515625 0.53671875 0.04140625 0.09453125
2 0.77734375 0.571875 0.04375 0.103125
2 0.4703125 0.47734375 0.02734375 0.0828125
2 0.4328125 0.421875 0.021875 0.06015625
2 0.63984375 0.47578125 0.025 0.06640625
3 0.52734375 0.3828125 0.075 0.07890625
2 0.70078125 0.48515625 0.03046875 0.06171875
2 0.6296875 0.43046875 0.02109375 0.05703125
2 0.596875 0.4328125 0.02109375 0.0484375
2 0.58984375 0.40390625 0.0203125 0.03671875
2 0.4171875 0.38125 0.0140625 0.0421875