0 0.3640625 0.3 0.0609375 0.12421875
3 0.43515625 0.25703125 0.053125 0.1546875
2 0.71484375 0.3796875 0.02734375 0.084375
3 0.534375 0.29296875 0.08046875 0.17890625
3 0.73125 0.60234375 0.16015625 0.3046875
3 0.33125 0.8 0.21875 0.4
3 0.54765625 0.16484375 0.03671875 0.07578125
0 0.45390625 0.10703125 0.025 0.06640625
0 0.51640625 0.11171875 0.02578125 0.0546875
1 0.41796875 0.1625 0.021875 0.040625
1 0.49765625 0.15390625 0.025 0.0390625
1 0.525 0.15859375 0.02265625 0.0390625
1 0.575 0.25 0.02265625 0.05546875