0 0.37109375 0.28125 0.05390625 0.11953125
3 0.43984375 0.24453125 0.0515625 0.146875
2 0.7140625 0.37734375 0.02890625 0.0890625
2 0.03515625 0.903125 0.0640625 0.1921875
3 0.53984375 0.31328125 0.09140625 0.19296875
3 0.7828125 0.715625 0.2078125 0.3953125
3 0.3609375 0.75234375 0.175 0.4953125
3 0.55 0.1765625 0.04296875 0.078125
0 0.45234375 0.10703125 0.028125 0.06640625
0 0.5171875 0.11484375 0.0265625 0.06015625
1 0.4234375 0.1578125 0.021875 0.040625
1 0.49765625 0.15390625 0.025 0.0390625
1 0.525 0.15859375 0.02265625 0.0390625
1 0.58203125 0.26640625 0.02265625 0.05546875