2 0.215625 0.490625 0.0578125 0.16953125
2 0.35703125 0.40390625 0.04296875 0.10625
2 0.48515625 0.37734375 0.034375 0.0984375
2 0.67421875 0.41015625 0.03125 0.0859375
2 0.778125 0.33125 0.01796875 0.053125
2 0.7375 0.38515625 0.02734375 0.078125
1 0.6890625 0.3015625 0.0421875 0.05234375
2 0.66484375 0.35234375 0.025 0.06015625
2 0.71328125 0.3421875 0.02265625 0.05859375
2 0.5609375 0.3390625 0.0234375 0.05703125
2 0.60390625 0.315625 0.021875 0.0546875
2 0.19140625 0.45390625 0.03203125 0.1171875