2 0.1046875 0.56640625 0.08046875 0.18671875
2 0.2609375 0.50078125 0.06171875 0.15078125
2 0.596875 0.51875 0.0484375 0.14375
1 0.66640625 0.32578125 0.06015625 0.0671875
2 0.61328125 0.425 0.03671875 0.1
2 0.71171875 0.45390625 0.034375 0.1109375
2 0.6796875 0.390625 0.03125 0.0828125
1 0.02578125 0.4125 0.05078125 0.1265625
2 0.48984375 0.34296875 0.0234375 0.07578125
2 0.44921875 0.38515625 0.028125 0.0859375
2 0.77265625 0.35078125 0.02109375 0.05703125
2 0.3984375 0.3765625 0.02734375 0.08359375
2 0.215625 0.45546875 0.03984375 0.1234375
2 0.58359375 0.3234375 0.0203125 0.06171875