3 0.9 0.6828125 0.2 0.378125
2 0.57421875 0.753125 0.08046875 0.19296875
3 0.47890625 0.3765625 0.10859375 0.1359375
2 0.6578125 0.60703125 0.05859375 0.1515625
2 0.41484375 0.71953125 0.0609375 0.16953125
3 0.60859375 0.4515625 0.07421875 0.0828125
2 0.5453125 0.50234375 0.03203125 0.090625
2 0.625 0.57421875 0.03984375 0.10703125
2 0.39921875 0.62109375 0.0484375 0.12890625
2 0.4953125 0.50390625 0.0421875 0.090625
1 0.39296875 0.45390625 0.07109375 0.0703125
1 0.7125 0.53359375 0.1125 0.090625