2 0.66015625 0.44140625 0.03515625 0.09375
2 0.41171875 0.38515625 0.0359375 0.09453125
2 0.31953125 0.43984375 0.046875 0.13671875
2 0.73125 0.4 0.02734375 0.084375
2 0.525 0.35703125 0.03125 0.08828125
2 0.775 0.33671875 0.02109375 0.05546875
1 0.68359375 0.303125 0.04921875 0.06171875
2 0.70703125 0.3546875 0.025 0.06328125
2 0.6515625 0.3703125 0.0265625 0.06796875
2 0.27734375 0.421875 0.03984375 0.10546875
2 0.5796875 0.32890625 0.01953125 0.0515625
1 0.01640625 0.41796875 0.0328125 0.11953125