3 0.82890625 0.71171875 0.3421875 0.3296875
1 0.59375 0.45859375 0.0765625 0.0671875
2 0.5796875 0.53125 0.0390625 0.10078125
2 0.7140625 0.49140625 0.0328125 0.07109375
2 0.49296875 0.5046875 0.0390625 0.1015625
2 0.66484375 0.45546875 0.0265625 0.05859375
2 0.89921875 0.57734375 0.04140625 0.07421875
3 0.5296875 0.35625 0.0953125 0.10859375
2 0.4953125 0.41953125 0.02265625 0.05546875
2 0.4046875 0.4984375 0.0265625 0.0703125
2 0.35625 0.54765625 0.0671875 0.0953125
2 0.43359375 0.4296875 0.02265625 0.0453125