2 0.034375 0.5484375 0.06875 0.17890625
2 0.24609375 0.4921875 0.05546875 0.14921875
2 0.45078125 0.40390625 0.0375 0.08203125
2 0.53203125 0.346875 0.0328125 0.0921875
2 0.7515625 0.3421875 0.02109375 0.06328125
2 0.78515625 0.31796875 0.01640625 0.0484375
2 0.71484375 0.35859375 0.021875 0.06171875
2 0.58671875 0.2921875 0.01953125 0.0484375
2 0.2765625 0.43515625 0.0421875 0.10703125
2 0.6921875 0.31953125 0.01484375 0.05234375
2 0.725 0.31328125 0.0203125 0.040625
2 0.45078125 0.34296875 0.0265625 0.05234375