2 0.4296875 0.40546875 0.03828125 0.1125
2 0.275 0.440625 0.0484375 0.1234375
2 0.0578125 0.57890625 0.084375 0.16875
2 0.78046875 0.32734375 0.01796875 0.05078125
2 0.69296875 0.3890625 0.028125 0.08046875
2 0.74296875 0.36875 0.0234375 0.07265625
1 0.7015625 0.2953125 0.03828125 0.04921875
2 0.53671875 0.3546875 0.0296875 0.071875
2 0.58046875 0.325 0.01953125 0.06484375
2 0.6734375 0.34140625 0.021875 0.06171875
2 0.71796875 0.33046875 0.01875 0.05234375
2 0.0828125 0.48671875 0.06015625 0.10390625