2 0.09140625 0.59453125 0.07890625 0.18671875
2 0.63984375 0.47421875 0.0421875 0.1109375
2 0.721875 0.4265625 0.03046875 0.09453125
2 0.38984375 0.40703125 0.03671875 0.1125
2 0.63828125 0.3890625 0.03125 0.075
1 0.675 0.31484375 0.0484375 0.05859375
2 0.7734375 0.34453125 0.02265625 0.059375
2 0.340625 0.396875 0.0328125 0.09296875
2 0.696875 0.37265625 0.0265625 0.07109375
1 0.021875 0.41640625 0.04375 0.12421875
2 0.5546875 0.3375 0.02578125 0.075
2 0.4515625 0.36796875 0.03046875 0.071875
2 0.59921875 0.3171875 0.0203125 0.0484375
2 0.13125 0.50625 0.05 0.13515625