1 0.45703125 0.409375 0.08828125 0.13046875
2 0.5671875 0.37734375 0.03515625 0.0921875
2 0.69140625 0.41953125 0.0421875 0.1078125
2 0.10234375 0.44296875 0.0296875 0.0828125
2 0.5375 0.30859375 0.02109375 0.06796875
1 0.41171875 0.32265625 0.05 0.08203125
2 0.56328125 0.3078125 0.0171875 0.0515625
2 0.01484375 0.721875 0.0296875 0.215625
1 0.59375 0.771875 0.26328125 0.40546875
1 0.43125 0.26796875 0.0328125 0.04375
2 0.17421875 0.3671875 0.0171875 0.06484375
1 0.35234375 0.2625 0.0328125 0.05703125
2 0.009375 0.54375 0.01875 0.09765625
2 0.4953125 0.29375 0.0265625 0.05625
1 0.24609375 0.32109375 0.0625 0.0875