1 0.5234375 0.63671875 0.1734375 0.275
2 0.83828125 0.6515625 0.0796875 0.20234375
2 0.91015625 0.6109375 0.059375 0.16484375
3 0.4296875 0.31796875 0.0859375 0.18515625
1 0.5546875 0.34609375 0.07734375 0.09296875
2 0.70625 0.546875 0.06484375 0.15234375
2 0.090625 0.42421875 0.02890625 0.07265625
2 0.14609375 0.315625 0.0140625 0.05546875
2 0.15703125 0.334375 0.01484375 0.05859375
2 0.54921875 0.4109375 0.03125 0.08828125
2 0.95 0.51171875 0.02734375 0.06875
2 0.009375 0.48984375 0.01796875 0.12734375
1 0.47265625 0.2859375 0.0203125 0.05390625
1 0.77578125 0.46328125 0.13984375 0.15703125
1 0.26875 0.29453125 0.03671875 0.040625