2 0.6046875 0.5328125 0.05703125 0.1765625
2 0.93203125 0.63671875 0.06953125 0.146875
2 0.709375 0.43515625 0.04609375 0.09375
2 0.9609375 0.88359375 0.078125 0.2078125
2 0.521875 0.365625 0.02578125 0.084375
1 0.66640625 0.35 0.096875 0.115625
2 0.54453125 0.3421875 0.02421875 0.084375
2 0.47578125 0.31171875 0.02421875 0.065625
2 0.746875 0.87109375 0.1453125 0.2453125
2 0.11953125 0.35859375 0.015625 0.05078125
2 0.43671875 0.30078125 0.015625 0.0640625
1 0.40078125 0.30703125 0.06015625 0.084375
2 0.37421875 0.37734375 0.0296875 0.08203125
2 0.50703125 0.29375 0.01875 0.05546875