1 0.60234375 0.83359375 0.0953125 0.06875
1 0.78984375 0.86796875 0.1109375 0.059375
0 0.76171875 0.94375 0.253125 0.11171875
1 0.378125 0.83203125 0.0859375 0.06875
2 0.02734375 0.8578125 0.03359375 0.0609375
1 0.30078125 0.73984375 0.05703125 0.04296875
3 0.21015625 0.84921875 0.11953125 0.10625
1 0.65859375 0.7546875 0.06875 0.0390625
2 0.921875 0.815625 0.034375 0.04296875
2 0.115625 0.7953125 0.02890625 0.03359375
2 0.14921875 0.8046875 0.02578125 0.034375
2 0.1671875 0.77265625 0.028125 0.03203125
3 0.525 0.6875 0.03984375 0.0296875