0 0.28359375 0.76484375 0.0765625 0.0640625
3 0.09609375 0.94765625 0.1890625 0.1046875
2 0.01015625 0.8890625 0.01953125 0.05234375
1 0.59140625 0.70859375 0.04375 0.01640625
1 0.63671875 0.75078125 0.05625 0.02734375
2 0.07421875 0.85859375 0.03671875 0.046875
2 0.04609375 0.84296875 0.028125 0.0421875
2 0.109375 0.8109375 0.03046875 0.0359375
2 0.1625 0.78515625 0.02890625 0.03359375
2 0.12578125 0.76796875 0.025 0.02890625
2 0.171875 0.7546875 0.02109375 0.02890625
2 0.81484375 0.77265625 0.0296875 0.034375