1 0.3609375 0.87265625 0.09140625 0.07734375
3 0.63203125 0.84921875 0.1140625 0.090625
1 0.30390625 0.75546875 0.0578125 0.0375
1 0.36015625 0.8046875 0.0546875 0.04921875
1 0.7859375 0.8578125 0.10546875 0.053125
2 0.01015625 0.8828125 0.0203125 0.05390625
0 0.3125 0.72109375 0.0578125 0.03984375
2 0.83984375 0.77265625 0.034375 0.0328125
2 0.80859375 0.77734375 0.02578125 0.0296875
2 0.75703125 0.7609375 0.028125 0.0328125
2 0.14453125 0.76953125 0.02578125 0.034375
1 0.6265625 0.72421875 0.0578125 0.03203125