1 0.6984375 0.78203125 0.06796875 0.03984375
1 0.33125 0.9015625 0.0796875 0.06875
0 0.28046875 0.76640625 0.07265625 0.06484375
3 0.58671875 0.7765625 0.07421875 0.06328125
1 0.2546875 0.81484375 0.07421875 0.04921875
1 0.37265625 0.7859375 0.06796875 0.05390625
1 0.3296875 0.98046875 0.11875 0.0390625
3 0.7515625 0.9546875 0.21953125 0.090625
2 0.9015625 0.83203125 0.0453125 0.04921875
2 0.1234375 0.81953125 0.034375 0.0390625
2 0.03515625 0.84453125 0.03828125 0.0515625
2 0.83046875 0.7828125 0.03125 0.0390625
2 0.9859375 0.8421875 0.028125 0.0453125