2 0.8890625 0.80859375 0.03515625 0.0375
2 0.75625 0.7421875 0.0203125 0.0265625
2 0.0234375 0.88515625 0.04140625 0.0578125
2 0.04921875 0.8359375 0.0375 0.04453125
2 0.08828125 0.84609375 0.03984375 0.04921875
2 0.0875 0.81015625 0.0328125 0.040625
2 0.1515625 0.79609375 0.028125 0.03359375
2 0.17109375 0.7671875 0.028125 0.03125
2 0.11875 0.78984375 0.0234375 0.0359375
1 0.375 0.75 0.06484375 0.03984375
1 0.32890625 0.9265625 0.1234375 0.10546875
1 0.5203125 0.7 0.04375 0.02265625
3 0.64296875 0.740625 0.09609375 0.0609375