1 0.69140625 0.946875 0.15546875 0.1
1 0.73203125 0.81171875 0.09453125 0.0625
3 0.27734375 0.77578125 0.07421875 0.08125
1 0.403125 0.759375 0.05859375 0.03984375
1 0.5671875 0.75390625 0.059375 0.03671875
1 0.640625 0.73046875 0.05 0.025
3 0.2796875 0.95546875 0.18125 0.0890625
3 0.5421875 0.70625 0.0484375 0.03671875
2 0.8234375 0.775 0.028125 0.034375
2 0.09453125 0.8375 0.03046875 0.04296875
2 0.1375 0.81015625 0.034375 0.04375
2 0.0390625 0.84296875 0.03203125 0.046875
2 0.1515625 0.76484375 0.02109375 0.0328125